133306428508078080
217059744215465987
219137282232287232
459598776974180384
608028650859790347
738231263324012554
210518812959834113
631048498002919434
730417940830093394
131565187038838784
466566915762946058
235507676207906816
144314912691322881
919313497400176742
369410610573606912
804450020946346015
708487653468798990
526046967810228244
260823100835364865
346797826858024961
348554665190883329
899879400869363722
282430513514545163
204078169446285312
518308906741792768
869421724716924989
573663541387591680
902257831825252382
857397547441586186
249894589937352704
893682378550177872
902595102382391336
425968594967592961
398192659124191233
579009695503613962
921390647590670407
888167302426660927
726652545073938535
400027606143205386
777505029526781982
690644144787292231
916179152133042227
884549880981372948
749441259650940999
717279459249750086
328738634951950336
316801016156651522
655077016839651361
437788183216914452
173587529180643329
150989343366971394
306633419062771722
257217586117214218
142637388437520384
253023335351320576
179328522807017472
380444329304653827
130436287898451968
901203978161885257
739522412550291519
910409371480129586
659387095932207144
804352373203795968
322036140884623360
278125014614671361
683731198534615057
749368705179189269
776346062150959144
367694319349399554
269689581467729920
475697997368524801
577192574872191005
690924421031919617
529134509556498444
695802517702836314
429397578954833920
240947908462116864
275669379083927552
198903093444870145
354365579760762882
107169863922876416
405502315634753561
859636799742935050
646841460678852648
484268498709643275
858922149380489246
186112745618407424
881021192448921660
532100371435225098
271408857148817409
611704232428568603
691187324750397441
866645978508820480
161632315313881089
385231109576982552
342048532464926730
819814353754259516
141062966551248897
809244060443082793
267679790524268565
654343921882628131
810325449023946772
268592600896897035
326971406489485323
272179455718588416
412645088636960770
785480502202073139
407168136530362368
450753575656620053
220367758511177728
563708139417894933
752871887918596166
310475462432391169
269289085636575232
908965909312466965
436670792839725057
280286501542166528
275056510059413504
131891288319459328
608752196720263209
366219601786306561
710771985088512060
605543955467337729
104366315745058816
904310488060559360
844227504284893184
431641303265312768
759118515721863181
425709520484827136
654027284335820836
266273349011767296
178232379125530624
901945810340683836
852870699168301097
636330140883877922
699559615846809600
868794990602637363
186239703366893568
390636669558194189
408038058286383104
208963416784633856
778638240776716308
550130171831910400
684060331848630328
809268770958082099
899521429068996669
241321599414960128
912132034200231956
189457910366076928
237966303938215936
213961502263083009
878251729869762690
259702438942998530
469181728590659605
376046074705739777
695479568164978778
333083742505664515
833336423242530836
857019459083829259
609267063768219668
697308106362978334
139139724391481344
512822181961400337
601905651068960794
834413798214598677
643622295612686349
901419601760510014
712028301283033218
434546350999339009
152615984425861120
361946224615620608
302567856728440833
875737784621621289
899475084081786912
404137927778631682
905440068972466217
849846692459053116
897561168095367209
641741833617014847
611557238422634536
123375279593750528
466201379786981387
803845690295844894
817187352715722795
368098807097065472
894423992381898762
905441617626935346
558545753828622356
289919481763987457
722109984824885268
890583760599408661
803842853632737281
308241124626137092
707957444357259274
268894426171047946
432010918214369280
326446566065831938
555748221205479460
739050051753476187
585652968645328906
894046530053476403
906805954711015514
380879411584434187
696735099206500414
897698148900827206
763257670089834506
357187656616247308
897782021135433748
907578739704086549
544134625648443392
527268980784889876
296190537138962432
805960262657376308
298864223889391627
475307577501024286
678109325377536021
528327832582225920
643747779101065226
827521750619258900
897558310125981766
180925482693296129
350901468938764291
209803477130543105
361707316531429376
394125750854221836
588032066122285100
699647340423807085
81393827734097920
630541398764027918
697378363177959484
744338283462656093
264599246118846465
427435325867163658
910362885090332713
119469582405599233
111889703002701824
140207642457931776
694166930629722112
709740452592484419
320402573213564928
843827628016402443
840249013550841888
627915586764144661
151475071402246144
905322786896109610
394437363662585858
307580020702838794
152531990518824960
888258034202185808
769661889772388352
211609241608257536
732784078675378216
119996667868086274
599659624454553602
592025264721231882
220230980865228801
334877052677390346
921805577649274920
215183156637204481
920112836104044594
514449493534441474
573981940558856212
742847383142137867
820198845275176963
439878474375757833
271779155832471561
342400600274894868
371810324354957313
810829462328442892
528488293122310155
795862779964948540
713694165157806091
638258959630729229
444035030159720459
262880519098728448
212148262218498048
216733654221717505
195918868349321217
205186883683221504
268521983874957314
440502075776827392
344588969432055818
862690353470505020
137435462498385920
778440753860313118
439191425813577728
640275640242929675
423664251077525534
863350646405332992
442712496776937473
212757064517287936
382710150093471744
449340244479836161
216226701401784324
140726727382007808
837418688432308294
594542935736057866
437632911911682078
904878525880889376
901579664810717204
881692111366397994
903367510760509470
159958763758026752
155136076724436992
837046381436600321
755575176296398910
903532568048177162
871556030222463009
261447643031404544
797183120628645888
752197560277663805
536670746370375711
771910788088201246
171278211894738955
583050047185485824
714688436682096661
897133685755748384
917939719944409098
616919514696908800
711927214219853866
308585902933016576
385760817406279681
344333332286406667
240645282637807617
356410729823207435
696904421522800641
398253139607683072
162977722648363008
763127784255783005
267736796589195275
506899188404191232
211946325716107264
604703036786343951
309730303201640470
491294796535693312
239400050302779393
739838885336580266
597774880620019713
152203657050456065
759003365286871041
714717209984761916
652879425624604679
849304045159448576
795642670562148382
684810190587166798
617668283390361600
547874007035150386
755190100073119805
516448597173338113
135682227194429440
285006190033764352
632232802930393089
407422346245308436
264872814081736705
257367320031133697
807764384158973952
888604961775173683
893940640717623327
431170020949622795
177439377549426688
258375007879561218
883520058943483975
291739140708630529
885468941332385832
815509326709260308
766373200602202112
206971662308999171
120504408977965056
530401140085489664
920908225564516434
877997790024835143
289815282544017408
657104949204746259
352974685442670595
209857277530734592
454369654341894154
907829957508628541
193787486835703808
746565476024451113
655927103396773888
222419874142486531
766827224464097311
407806210285240370
261913797373984779
348089562666369044
372567063748935681
431244254291951617
251086264567070750
885449083878277131
223499296669040641
896498029807403069
896075600647847997
154396209052647424
653674808482988042
690753059080634419
251249811230162945
395390300534865921
609432546672902228
404403790679113728
270840313982091264
809520778059317249
154703615771017216
873003430074015794
142838457763495936
397248033613414401
533477077945679873
281073132905955338
908847284584841226
894373203340849176
904901710567342090
910577709623693312
570254191734292490
778280731310948383
232034031414280192
442586544935534592
909138063958089809
383722145097711617
314492594371428352
773307069179887686
614970204836987041
389262815292030978
668324158077272076
896076058154139719
893218931622432768
604115718677594113
888638012693561364
692813161060892732
897757884794941450
891907036982439986
318776315400552450
882651305577959575
594339605164195862
255431437870825473
474061397299429387
784222656048267275
689499165495132206
799005239062691852
655926345162817536
368225056163102720
691767056718102598
328658949484052480
849845785306857513
631588527443804180
167620933471830016
282664560060792833
445406221122666497
652879046644072478
459412609435959318
921106138714476614
896078027786694696
882618232236822548
629116121068601390
172475977450913792
820467749196922903
755574916505403404
905285234327711795
893185456630530048
688447389182328835
512595207682785280
424845199320023060
282066761187196928
689108790586769412
204611400893595650
497975538497880066
434699208214446100
335779416993038336
844161717382545408
890791409760735284
428666559808929812
917612147100495903
227560899160834048
889851976433692682
183084041505865728
298100499788464139
900849170108268576
575854857987293185
208340465664131072
658895061932834817
919944140060520508
281824368969908224
656223123829555203
652879663605088259
891828964425867326
705092442294059168
872424011508895744
406830351520890885
500529159924350987
363116808506572803
305794378306420738
777031363504111617
782391374846099476
582665975879565346
817771462735691808
294600075844386827
864389394114936873
761297158674186243
709108142939701290
918951732292231249
114034452396507139
99582793675177984
920034675609726978
419364815945859092
701388863352078387
849845414329057350
216733297437442048
649488894244683796
383809262243151872
265622489823051776
198640210232344576
878173721955807242
888644413377638460
320952432685350912
165602118118539264
609326650710163468
888811034889060382
721386904490082382
423454633894215680
902805600092688414
694887673730433076
329746659820961794
554909407150997544
619884555142430720
435330021448482818
905526625570029628
913407190134554655
294894118310510602
851870121101099010
848883421384409089
773665612403703860
474910068668629003
882601764107477053
641296500730888193
813553487308259378
881394761267806238
762731694129152020
900445787526414408
900052984082341889
348941579311906816
378670306811707392
885726784274989097
468758878872666144
265144503214538752
418337714992054273
379075494286721035
111187876607176704
436621062319505418
671600199227015188
881998885290119290
642241492328513546
703584726342172693
266344676729028608
689417372582281274
186340413383245824
882224077723557928
833355352920948746
222530098396528640
908412060914831441
431564124489777153
727724765212704800
905798059471028236
457833840447062026
697063720949383229
893825935718121472
849754000977952778
235065851462549504
890582717408870480
485230897000611850
203501560448286731
849789815112859708
536405827985342475
780799216884514816
883451553564983296
229741458217893888
93500813791461376
212328445726687232
871229599567208508
253480114719817729
401703027632766987
223836667868348416
232234163103727616
297702158470742017
898943587398615062
681151706355990528
763827867045068810
890496321922928680
460655709609000970
908233720346054698
630547891018268692
892775969373421598
886623202942533652
804750670657355786
888545272886591498
114961139019808768
295263635096338432
828388160710246450
917990145695809536
407360197259034654
396153480357871626
638620569495011328
763154619349336075
399959048948023297
227595794440650752
438133229162070028
592872090772701233
788068332099731537
171480575755026432
889620868257447997
522478636205473792
268185069968031744
841759181659963412
744755375718531143
896469454110736404
896494701002231829
388081038737539072
346969798824951808
895726056483479592
838305873415241728
447144137871982612
794735844387717150
297682110964301824
353982074480361472
905264374527193118
540401127447855114
904615331060928574
885561296869793832
408683165335420969
900142269288554496
719577028264853614
890587192882245642
908482930987368498
623401522746621953
918729719732645908
884240022126088202
181211714123988994
866862910558961664
473541162427482123
581310402995159051
849755564909002794
721741871105179738
698578313685368944
555032934952992790
374669519576104961
344151147457675265
453743297400143892
686136007334035473
896469729747800145
419649205339160578
896496894690361405
899305721693368340
442378750311530517
812232530718883851
634725108627537930
743980025237340193
718043689380741130
895277142387073084
501958962271223839
907534940378398721
122653107283820544
849846548170276864
898933842725986306
849756089339740160
896498044336480266
820217378234695680
849754815571165254
742492007519223999
251038654334631936
212388367847915522
896469187617247282
872400163463901224
699200129361641482
900725378526609478
761621197862993938
338848503457382400
769264178371756052
796540219956002816
794435211705319465
896470742345072660
686310914739404854
524336020519387143
888190876243882074
532337267830947850
849846602172071978
136189250512224256
640960261355864064
432150405913378826
894130689690193921
339020243173376010
160638233502285824
353045271065788417
353045271065788417
543590437466931210
861113630959599668
252542522373570560
745934630636486736
183427381724315648
790763183480504362
210840419787997185
827528376838520882
548266130800640028
736375881651716170
514897998745042944
888785619311017994
760108475191263262
566625268890992672
725016723295567923
538145009757847562
814185389333151774
846260408914018314
900482907532038196
181387288792662020
897732052508606464
493149202969526284
397560972979601410
694570326683811860
491699468232818709
891368873935376455
866005232126525440
897566644505813044
875666544196210719
657935838180540419
456427688731869185
878235713647280139
320496473601081344
894453284469899285
466532313275301888
138568178891489280
446233043397640192
299242438969524226
603317293128220702
399323417049956364
477833433088000000
692301745203839017
634977425150705713
910614785714966528
343820493243285515
690439900612526090
700443020318736515
394866522784399360
906071097475223614
737713804388860028
832867582439849994
195203142894223360
291190245762793472
894428261268987914
189547572715585536
194121958374244352
483312114682036247
370926821635522562
801314805784510464
798779534752481290
921235435349495859
897563254551879700
905440479724855336
561899171968319510
849847748890066944
886601319996084295
216944646545342465
748588916608860232
901212972481912832
697914573897990246
479286682370441217
219982965638168586
839537323220795464
186596869575540736
384543623137722369
903805076756365352
795106280947187743
197058197712928769
686121990708658184
805295451418263572
884976890736169051
404633489468555279
799845058873917441
161950715122548736
332803291329069059
803799241826238535
599266962048024598
662169915339440150
792613321391341572
405820336626597888
399958095356493834
211502667044749312
542922045512744960
916823732637556849
258826326423633920
904197267056111617
884741050248335370
602842927450030106
407161434951254016
918806601719238686
896927089029165126
550414818926919692
645101065938665482
410003261270130689
623909952003768328
888263310812798976
182139670631546880
831000631749246986
553769900187844608
921524707688349696
596880174633582592
371457933575454720
164640791292149761
333230637840596993
530330315189911583
520595174431129600
409988514957099019
401710575501180938
202591868289024001
339498257904435222
920158769407721524
569921206585786378
891801134677774428
465190198918119434
343198137672007690
375347649278115862
575921789541285889
905439542591516763
665595983752593428
849846610423054378
906244005682106430
888645576290353233
511082040351784960
689908704866205732
907306293621035019
849847849830711366
236279447530110976
118458768542400513
896460477876539403
313169540173266944
773318131610943508
898271660128477254
760133112448942092
877237373560315954
282185921934393344
561961624307630081
369077389701021696
861974934528065586
344865804086411265
476796569467748363
423591998235082772
891371030113837146
215405194110828544
437777174263758855
349777833675194368
690060121333694467
455201540811259905
905176313608949770
814491835669676072
535124177410064395
362971543678222347
813735554825977876
357954488595906560
583685443489366026
186388479322750987
876870488742297631
420982120505409548
455652083627196416
101930755541729280
901863165082599504
894448561901699132
731371429022531585
194085658367754240
432339652590960641
687444976455778382
908538216355889223
639076417887273000
363546863665938433
849412770939011112
421064218012286997
312380287105499136
243395621044617216
886855580319363132
531462629055528961
706370487516790835
903603193248907284
414800290672410625
897034544987906068
886562759007957052
473428087061610506
904449367447072858
704633388727926824
892785739509686302
597278783942295560
849754439837155329
916455210958856212
282920718495252480
831133994666033163
363651796058505216
371747058245435395
143857956855742464
768199765811920907
837820762475069461
665812973087883264
329456388612816898
718938599747485858
204188589486112778
362679617070301195
611305993774694466
903467434437115925
703538858251386880
752521980103753746
341861174645882881
351519782182453248
849755731472416829
88445127898431488
883328194990719037
837362515603226744
348510282945134605
920457211237527572
884479038645751911
849753948001009674
487697193873047567
906912196288716820
285928493663911938
803971944251916328
897565589520937021
831383458676867083
822217021134864415
363720660813479936
574670208506003462
490094971303624714
894620214166188042
175692310695116800
763265196646858773
532053646838464513
837241745493983263
346341303753113601
158181764911595520
580090594513256479
822095166243471371
625865438689099776
790239474902237205
815509791283216396
214047519339053056
492819875270623244
462358298394492938
779888903058358273
891373710412492870
916450586000506921
407124157084729345
225506699614748672
311119130763853824
892372365311361064
380201361649827841
201207596474957826
734062239707037777
136222618960396289
409104483021226002
894434774452686888
326843411808124929
806128173787512844
880911778861678602
533207465148416003
339716638456676352
813018419276021791
910335954710040596
921882111760302131
420375381619769346
843718285584629760
816160181419376660
479746278369001494
893465189981249536
605715082516627461
645851517022109707
842977469819518986
835016154186907649
883848113125736498
372554072580161560
817944024543002656
908949933984469003
398334570434396160
886559235167645737
907360465846431745
507926095002206211
453779959178199041
391026421386051595
263401191789166602
232650534295830528
415175969565966346
619641162365403136
899554670358462525
353592942201536523
730886873500745769
910658594435891281
173431499998101505
172561491277381632
325798975963791360
893359242013208616
810965544990670869
694975311603040376
473862821453758464
809940594847121428
728217637905236051
674434031001010229
390651362255568906
849847146748444693
703161445977948191
244906409794207744
882711846598099034
174570773673934848
849845747376455691
905442306738515978
896705516875706390
536564180543733761
543102322427953164
892490127954284615
838938979159375952
208670013823909889
894463103654301716
776232331747917875
758217577935273987
410125493392769036
275380505753419778
560785774782447637
539513280947814422
915595724652159038
852168572402270238
279196732548710400
771374501689950239
377949885716234252
186834636226297856
740561772179882003
213065376613924865
710683928075304972
886609088530751569
637739229186883594
900954519775621151
901852042887303239
116063107855417350
422899403842519040
856433353313091614
703569252816257055
436382553407225856
661245179457699871
829533379338174484
246029667704766467
616496208101376000
278216387821043712
255783364299063296
696736309670182943
901804991226974270
729279473144299531
911605777872068729
215648011903041536
896500738992263190
902736654605877299
782478973383737366
802837532373942292
896498882614267965
897565208401285140
777335330717302814
916583465800056832
250528647897808896
900485221051404298
488780328178155520
420413348702584842
915340727851028491
692709385566158918
357903849660612611
538447850548363295
475844233199353856
849848052524253214
521402643193790474
793302783083151416
403798221324943380
446016245305835522
879418561993511012
748588420368039978
557387015310671885
695032964693753866
906397337612595231
644050097864179727
903031276016132108
901827365930401794
224067652795105280
291721814663757825
103385813248651264
755433243813347498
885226498066362440
532126972764225537
811044158742593537
728046209926692874
911556168030249031
504004325647974420
790973496350998559
295964881893457920
416689982770511873
101252919826870272
101252919826870272
648392940003131406
738945653446803529
538427081101672448
864527292877111356
784624951084056596
889931592674471968
690960769222705152
821742046774558752
333268585046605824
479777406647795732
827713320764964884
873826029154762792
276950258041225227
920769446111477790
723829082869202974
551047798032957445
303237244259663874
210099728782852097
433033757684137986
911289753574469633
375757278319607810
838632098109587488
919191518152114196
746369092482760704
896495202313855026
904900633717526598
896280484915601458
918728952384725032
693111025624547439
379319776641548289
194314429570088960
867678452438401045
901926859149807627
706037970553143336
777248486475038733
440789741567213589
162475367615954945
105109997226070016
600135352929353738
326036365038977024
884648014470316072
589635334552158267
820025959142391808
811062347954651176
882274534558949397
918729372469428334
412969001229221888
466278837882322967
579869014831136799
312754716251783171
900483715334025266
923388017681502209
312170760275755008
609105934521860138
401324323216031744
894456336006402050
749365855095357512
525498937868681216
885110562369966090
827989846316417086
905438054498570260
345601315155607562
809018180046553169
683755624739373202
172791918856634368
599350365783326730
900483616256192513
729377366857482331
835892653055934484
724429590218407981
474111348113014794
888782196549238805
626958491113881610
716614142793875556
489958818042871808
893183157820604416
592521900547375125
773575682290090024
167055241106292736
849567844462493707
807193358589624320
303632281137053736
416013869799178252
861607937985609758
402420907693572106
918971876087312485
885490518119821343
526654725878448139
723250147009495141
319376216081694720
918793564949991434
887798193679663174
912162850808688740
117411210583867395
881741211994554379
343247542366240770
711004179480445000
245667759998894081
323984416630112256
316011868256731136
369546125230997516
423154041267159052
905438504660656180
858277806852800524
888778492060258306
900381424404799538
482743358612307979
895166798960398376
326501749148090370
166025261907836928
612395500997574728
336949970362171403
731998105951535117
435634314391060482
918917267734020106
894439502465073182
894804770722836500
890578603576795167
440535178348331018
425460961986478080
487330610306875415
167963069257875456
850021878440656916
896133871677100052
334920556904185856
897279670586851338
898271011479388181
600860563287048194
446941034635722784
320712822222880769
712474592442318879
490950251968987152
904098180935852092
916280713693786143
302543536589504515
402513330385846282
342336312906481674
835419817825009705
580488684223070261
255251994443382784
911394598230822963
850058683857240106
849847565935706112
584428304858349570
517470221976600576
539891349617508352
252984855762042880
277891146238263297
709834229395226726
918844477932720168
918813288496783370
259577441259880448
839421970965463052
815775193423020062
437691806021582858
713584551175258152
764551162220249119
835857409280311327
275690925500661761
535586636638191638
912039826075844660
219927571624624129
896471456580513832
471221537882505216
667615646766333954
424754988452020224
778333100278153296
674355064047009841
124499654833471490
526095351896080397
889804703444135946
710614028640321636
848659987538772018
321135459747102720
895783411233468437
721902986590421062
883717506886410250
896468733906804756
297597192431075338
907047850846879795
914284082119180349
888776040204361758
858252560171270144
694849927536443502
401439292783591425
470342758511411200
893303236449165393
897564845598179348
308746136611454977
899173342060355646
292397096064253952
917197110523330560
489554978243870727
871501979740934234
814481030467158056
418169585280483328
753481685751955527
797706754414608395
647329936444751892
395296000404750348
276615024972398595
809657867681398815
189224150462627841
257259377617010689
181511372247400458
683100411640807424
694143810560851988
755637639440236604
371094525667704853
883385790242107423
460938515413204992
812037802329636936
672303185637146644
404373386106765313
294589538997764107
572179249377574913
627922735825289246
614278905158959142
833449470460690472
893565612184461313
412901932747849728
224395346212683776
897561483687374898
800142807016407091
849756313776160878
702988498252333209
471008817988239360
890577433194020995
750141329782079588
374130055934246914
500109390729445378
276808727758241793
323734736549838859
845551239068254208
891374008363278356
405910647071703062
881159192642211870
908671328175923200
748766334783062049
529179202520612904
184088701687562240
904904973429661697
189031439474360320
450768880390897696
813765160148926494
214058525352001537
857801607709196288
134407068944695296
560650115497590791
900485035751268372
905437537416380426
871936791576444928
894468058251419668
407790621776936961
903265510349746226
904197196835069972
869422867429851176
694008423330742272
424299496017756200
261269863257866242
136573262556561408
783940539342782464
845965673637085184
746809364303839372
888637191289458688
311973783554752513
311729496569020416
819007489789263883
208338669399048192
729732012084297739
153372970285400064
296545476084498433
190923513392136192
916795804839194715
375078435619471362
156588735557795840
898272242465652787
163333239346429952
351119662894940171
830655398930284561
530945259438473234
722222531557195857
564681639632961562
918728449517056021
819746581469200444
532775294785028107
744071532006866974
821047720969764875
471194982967935007
574032818212962364
444400004937940992
904760274970619965
856194874780549160
569614600773828648
882718345672134726
306769448235171842
228084731537784832
903741379916759121
524757165534347264
880175754527277116
480562719444172830
817570552503861248
245474079270764545
347399549285040129
275524491361255424
905851309108916244
353826849048100864
336726630657556480
222509343667519490
151352035059433472
740580126223368212
815374800582082611
682801523440222264
211689255318061061
575163681084538880
240748283402649601
342031938468446238
337008408744034324
394784084104314880
660338483864403969
592831112313700353
530597730624471040
158086138827898880
535987870549147679
849845574102417439
668763781211619328
892272232758403123
907862448051212309
784444181967929374
392357646004387841
910034235115581480
849845713453580308
230067138084339712
862665535748964363
392968993285079040
811424044288966696
826514424932073482
521409617084022795
166263775425593344
445035167011307522
474155111329955850
910090740472901682
690708668995338261
433210026497409025
510987041740423217
342533958728155146
645768684346015764
685359469043253306
300062713332367360
577494457667158017
912412751756939305
336215033119899650
704442711729504257
101852097460305920
898954634801066004
550943239205814287
569286579684638741
400179711738642432
126106804001177601
795031615608586290
888783291635867678
184879717881479168
880920206397038612
351979589846827009
459245448041857025
918729091551723522
878073624672735242
689955467115364444
541231311969583105
708495601632804914
499623049516285952
719579512769085461
798013784097816658
193751277904199681
254920304344694784
362094712821383170
445979480465342485
827774340912775218
824941746483757116
840805369144279110
847638294187606056
564484117413232640
625931630066008067
368059870185914368
386930039620370435
696241522407899136
735084822510436384
819088157253042199
469896307188957206
886818614647357463
140356279276142592
580795788054102027
798027290675642409
889773268020625431
642732230350733348
313170832077881362
683632617475801243
893303682404327434
127863844583374848
893303682404327434
127863844583374848
274188345423429633
236891507456606208
880866712390606848
888771945779322960
366609031604994048
692392060325462067
551072926464606228
263245234614304769
758781265452204073
415154352765009928
614357722502004736
897761271775121429
694010726704218183
810833996660736010
567731714357723136
172587783561412608
140301846492217344
484746321606213632
692108434140823582
308844627388006400
849756101330337824
286214106376306688
844166956214386699
586609714612404224
263207298678259713
894379035545714708
896498182467493909
671603410377637909
898044685388505119
453033517413040128
329386571914674188
91893106697326592
574241748654620672
273430808977735680
663971437475790870
896470943269019700
905606933728362507
328836344816205826
626256536661917706
297908274483691530
768512201031024644
707465670681690133
896468168766259240
833434166543777882
409407300114055168
116681295416786949
888781158937161728
403724711386808330
849847384145264650
782785441921105940
241448116782366731
883234432151060481
895264916204834817
231383629333266432
804202919075250176
160523001119506432
751790264040947783
527365923946889227
795437678472593420
284805231701655552
701004461606436925
767984869727797268
292714807084449792
725715650680455208
888535901876137984
896470914999410709
401402674479759362
849846645633187851
625667556325195814
327918087284195328
760489017425788940
423165513414475776
394179019043635215
894454609664421899
922781005964791808
910269603622580316
353083280859594762
146378026878238720
901302518309589013
622622983609122816
904197129399074837
527497023881084930
254422585381486594
854580944786948096
397959364478107649
882588359208349716
786586620982722561
239510196676722688
689966158526283850
384260371579404291
510153708324126721
191321316828250113
415939713199898626
218456396776079361
192243853401653257
777564406036430898
582643917363871754
289130019609903105
147576436058882048
886238322568093697
780046537391865877
709706037590097991
517185910979297310
748314666069000303
695267466862919762
900535415457611806
197948545779761153
256041561253478412
423227019376066572
408681850480099328
903681511579070584
123555628709969920
849754361994412082
900510733698211880
896494584455135242
884512176214274048
616535136875446283
881541301902913656
705655635202670622
493116262587564053
493814266332446734
810229119571984394
417653004334792704
320496148341063682
161412122625048578
598980584466939935
797629007041527819
759798033508204566
461398647725228042
849847671685775360
849846214470926376
914529352295784489
392536765891608578
482287486018781225
211797959090765825
431625622259761162
854835450982957096
543290050042134530
659873919620349984
896470217411162113
900045572445175819
688416682934403182
221838936866029568
895819299246194718
284012652068470785
705810130884886609
227818670188003328
344911316512800768
828145576934899733
892390022152605726
754102764916834334
456847077096554519
443705956790960128
879395331694018610
108000051548151808
796290390864429056
629269747795755018
219319415215226880
658761089399521293
892886269246443550
558403818564616221
722190864344154163
711127066145325096
902932655635562546
894903447856496650
408926693332615168
186959569736433664
399856145465868291
895434371987800074
849996623563718707
813488099777839124
405407892490027010
309025558111715350
901238596768510034
896977995204554764
903033099946979379
432580663065968671
918002978844196864
919094151264501781
548953137776427144
119044027797602305
314428538478395393
771693225466396692
913668324565581834
878019498639253576
895105095035916288
691601307823505418
224590523103576064
898625830996049971
308052474466664461
237894401760690176
784933539379413012
339095370652975105
811759633294557206
849845401360400474
885722637463072808
242250529177075712
486249119929598004
202364821809790976
898110367971033089
786027078012108840
850021892613341184
900192914330775622
849755271872905236
911415648796700713
386390150118375425
134491046095618048
821448993488764949
392802267763572736
201673998604435465
894471073825959937
317377975790075916
807034048848330762
886230711076552735
760524669060120657
884082162620563497
337462028580945924
88453044307509248
797231315657031740
726102968595644567
901801541088985119
809627080962080778
883380821552148500
899794401478447105
646749037982384128
745212529344774194
445755428014391296
472150953341091850
849756361869099019
877584395127636030
314529822963662859
921269097302470686
238659600012935169
185736304380739584
326552244256374805
917708068828090368
890588110059081739
340827268228055040
831530022225313825
334068906694279168
646406014136090625
260395696782311424
869628182884671519
910029057440219208
341944866952970262
897360727789146132
181213393867243521
838128831486492704
901278267359760414
782561132522635264
569245458325700628
888384512063569941
427665928000503810
416309909882142720
416899480646975498
619634264434016276
354756144121643008
887746545473179679
813495488812417115
918280827488595969
901240070554677339
902285554476007485
899789704139010100
472620257299660801
389839702716579841
470613939827376129
358489484687310848
847905775871590461
896496358834438156
612125542724009988
901092129131098112
876832635505217548
909076777048109086
492043950362984467
461655813316935710
331863975509884949
362874154405593099
903180748473909280
896471440562483200
880069092437012480
891675422960545823
437131213782777887
389760821020065793
507030866589909004
476854800345071648
543710194228789258
294889541389647877
920112390908035102
419582333620977664
560187523020881922
267768993245298690
824898842809729055
357680645457051648
905436858006253588
348759282776539136
217515170325463041
912392147121090560
900518953925869610
774301187406561292
801830809677201438
101566705238564864
894963409571942502
501708070230163456
710660557455491073
429135188820492289
821451101768253530
921891664614813696
879535501865009273
238266984297529345
916661268239253516
193961858955214849
290097059925590028
902146059118190592
223841502332321793
243734720049971201
459963727366586368
359365581184434176
744839725281706086
881297440760791101
894000710767738920
309179928157618176
685728330044932145
810705032114733076
186154352023437312
228586243208904704
535334633403973643
823350075291205734
883529872016814090
762934938953056266
680932144159260703
430696828036579338
920093403537104927
891374863879655515
424725894901268481
305626529553973249
878305369540132975
227821952834863104
645125850215350283
886868726434115615
124377245623123968
371914919500709890
916960322294775818
721741518653751309
891326643099041852
914926915066933308
426945465712640000
451652730797293568
752972479949176873
669741631867453451
275653463822696448
914039966143758357
889135924393439262
687734118246907925
523304086586654731
330116638370168832
281615705198166026
396354325217017868
847701522950914058
810424382626332683
522696877502889994
898272841915580426
889145405634404382
894469630196850698
883058547892564039
379985733169053698
218150421745762304
655539264389644318
803152470578036786
410569610346233859
546863095771824139
898272163163942912
539883658107158541
842051763120898090
153329531669708800
895018284347428925
230291282335891456
707846466521137192
922048575159042089
217580636980903936
890478809286053928
273811941544296449
107694522363834368
890672006599684156
739010727196754010
894465978006650910
302454214532005888
836789697522827274
482507341116211211
756549276322234498
411981023501484043
222153421745160192
763123442437718069
900512304469274684
555717430530408449
895472982821048361
700048514490826763
900286578092564500
221490405684805632
911069044268998726
902815269741813782
195226219711561728
760482065014587422
881000134807269386
904927356110639115
844945361072029698
886360977162002482
534486614295183411
300642925572784138
526786902435692555
801978967833706497
614588520555741184
691863537840160818
717714172351217665
919415043974635522
382058280601780237
330287899943895052
751850744436621455
894442921250660412
379225390649966594
852570429155704873
849754682301612062
823319208300380230
381263435922538516
893762982054596688
897556921115082782
413185797349572609
753356836266049569
849845646432141394
710928253057237072
850268067128672296
714661560517263401
415691786108010496
881641970135621663
908974316933251122
839527887257600040
894450581127721001
901819514310766662
301103747373989898
738750022782550019
514426973574135809
189532196854300672
353043917521813514
570885468078735360
804653438943100949
825019457071874050
893829033677172737
432705810049662976
919325989144780800
606605682229248020
195786374362824713
914582256889237525
379591405301006346
657618947742498827
571384968031371304
848704773163450390
314256372558725122
910270356349145168
911674327265607691
246479164796829696
528774007047192577
528013784069963780
410820631307878402
479473187827220530
906475489701552129
307093898122100738
878355452340093019
850555206478987285
698152184956583954
261754126868807690
174562525084516352
393106989841907714
841804272333225985
896469258333200436
401858190926675983
827878212281040956
901849157269078016
441942787399745538
705934106642481203
918418222938746880
895681110900621312
320967100061450242
896986386572406794
692579995884847104
903033802224439366
205000477811802112
880130884701917184
412051542041034753
909590777531883580
341724739590422529
860924187359182868
177307829735129088
301849868404654092
634660805970755595
894445846278598686
363760980850900992
698817160595898438
409640880849289217
824621426157027329
370596357171576833
307605416244805632
747899022689173525
862012549955059722
904197197480984667
536987525668143104
643386411881332736
204680104570257408
757939534855143436
849753958896762932
377678093436977164
323928695788273664
380444384065355798
359000113554784278
896472029157523510
896470458998857729
231479100374515712
338749770506043392
612957656574853121
481968413342957597
435466357132361728
468929917120282646
331840743092125698
813355554377433098
901860698701852704
872880156551827487
831274986290675773
593863998752030720
192133036601638921
704800438855270526
307860156761374720
429386336789856266
546351200484851712
774842273699201075
295418249737142275
800095595590451280
206135334680002560
888321222654447667
839988554560962620
495338284973817858
276902270774542346
486504486731251712
711657806218133504
357904520673755137
871197514869669938
805860410980302899
903874020338962432
758412072282488843
855438772404486165
431429227342987265
305681832068907008
395580999997718538
900561143490281542
543824869553602577
885823667454480416
586537611464540161
759827803843199036
144516111881338881
248880088014127114
367078729081683988
587606955233902604
640444563252838400
543053113062457347
231006808658018304
882959437944455199
848843631342911528
597975228177448972
210875610833223690
904198958857998337
792709650583781396
859029758343249941
280782913157726208
898768583281229854
580887101416013844
847396955432550422
919619632204234782
351255878441238528
849753908288028702
897247240115077120
361019617956855811
507569520613785624
314913672751218688
521036051171508234
379032404796375052
241651814804619264
817205092944052245
334783422746722304
904197195891351592
258196211926958080
877739041859207218
763405092496998420
908156634063319050
774087203423780866
208593285084610560
566456278038085653
405499700222099467
852756223773638686
320235313026826240
764969983871942676
850021926831259679
764969983871942676
850021926831259679
501618041113804800
913164387303432202
237090463742558212
110216896405581824
893291394691653693
468115758174568459
219213636281958401
692637430918021140
902063882124795935
922647344665755698
329138965468807169
551164192430751745
573156952985698314
213258396269281280
448757082393411595
759405898048602134
818106079148900382
183760618707222528
95751250171133952
277010464532070401
761215774089936946
914818161638002688
886381276788064306
222187669650800640
895939759757725698
291295456087113729
640296967284719656
485296906675814420
535987714483290130
849845122593718283
888010761425801227
297915529493086210
879169645498732605
438982678574923777
608746454382542850
746083136470909079
849846187435622451
899139411361534022
718144397648199730
448612579741532162
358596752108027915
790526601216786443
354964560740089867
621649410660499457
900522982542286868
531639729876107274
869537136515375135
890590005645410327
365001178997850112
732781962749542490
171338314761240577
168479529143238656
888774676686450730
379999292259172377
921771097014300693
539665800416722985
492409699329769504
893111633595990016
490534485192867850
721040504698961960
475136873023537163
864141225539665941
897776664359108639
853781887852216341
890006457112756275
557699603508494371
849847655143309313
894433318483939328
920771555443765258
894413418868670516
468335318089596928
863594083363454976
565527074744434688
900750128820944927
264571087893954561
823186187954290688
896872107189891102
180602503010713601
918938802830061588
595855355746189322
903578247793631252
506006465958379541
418260286777327636
402574916614094860
822019122610176071
739118719938068531
444135655484817410
303562696182202369
431337539211886614
541591819331567626
747251824045719613
351364176360505344
635044859551678466
465624628836958212
258920142270889984
176228965495603200
145388685205045248
849755011504013322
782833626965606410
776446905932447775
498331408717185024
710340852207190049
91108675162247168
492951193019088904
428596860622602240
231832751865724929
879429489032056873
910399963899527208
890589220777910322
900038443445395496
748679982422687878
397317482177626112
623946205021601832
849753991910391818
386162378732994562
890586090484928624
642405007794110496
880652132389355532
856874728571535390
880664198772850699
503949706775232522
543284987760345090
850022413579845673
893778339783905301
204153014657875968
307636857511084033
691810105389482097
911922988344021002
908933609979801610
769320217385893919
191278026678337536
389600745810296836
379566827011047438
405791885030850563
359935666110332939
529127131330904089
577874828917473303
279870150545768448
916905333287428137
833349016607129681
563183741254500354
893246513659134042
881590660480790569
206886811555987456
512465587801161739
817209397914107915
382336190176690176
894451856976252959
888779998457122856
850022392603738142
849846973812178955
611495998275059713
239152825173671937
283831541443067904
874957227457380352
801622537447669814
883563138392391680
920169075278237706
695245909012905985
436280488244543488
283338964528660482
783326808484478976
919949403584864316
511812898163523605
829482147269443594
894464096890675221
895280143407382528
567728397996916779
633376026973569034
828001426642174032
892083773192151062
122433056811384832
831376276350173234
882964658707914783
223186729287417856
920123899507802133
899827836418920479
323314671828598786
718553480628797510
890557957094395935
404580364011569153
646159359700893717
491763288045125642
428739532670631937
889850902243057714
630940958300700682
326824067799711755
748067382622158939
290619265718026251
178966403431268352
841053927072071680
908874528422240257
399832898922086400
693606123831296031
519343536823468037
893827294416736306
896919084371963904
308618158175158272
912277599336689664
86508829004533760
725762138802618411
486332800702611473
887818393279938570
782418148775166002
792605629298376716
861287659842699284
751444727198384190
559807613001400320
807689172348436510
904551834704838726
399397874343084033
141029129062449152
902299824915894283
849392272389832784
357143381211611136
539269628552151050
625684662131359774
922867526310969404
884589374203899945
231794156475777026
282522975314509824
283381313493532672
412956471635083264
299514081931689984
901560711459786802
577465847979966465
880093336818556939
883010951593459745
317627914097131531
413568450053537792
563097822220779570
834170771906887761
184050023129022464
508105944983535627
846773186879422525
897561503912308746
196505860711645184
496698722021801994
525485641052585988
813096490032824341
904197129302601770
335950654277156864
905671058789642252
708157794758557707
301018448597876741
346086235946614795
252789144458231808
856163643094466600
894258685348548638
896470314068889642
814184189933912104
340898280722530316
908426426796114011
890347750556848129
884658771257884743
739535108435869797
365119859568148481
849065288217264179
293452405268414464
815336011856478218
820139374431698955
847727105932132352
316536750438612992
245498184736964608
247198363026456581
896470166513283162
573934800109305907
700905973321039913
821740736160202763
385914198896410625
462071450996572160
896472065517953054
382020146132287488
919160244037361684
896472548152344648
597960821053587457
891329482995167252
914391394976661525
584685036565954572
849754786769272872
340784434192187404
521347333468848139
204290654547869696
898991560501379072
483781674304536619
707761765248663674
375984167684407308
258067281874124800
511451655443841024
277492280791793665
298844918229630980
918827208968138792
914232366585749604
603379878221578261
396173126079086592
922645515416522772
891372430583529513
710349142282731520
618562539604803590
343514035049857024
899505790065459230
68773316390817792
412643008270434329
130959813814386688
806404557809909790
215520199049216000
272234529404616704
872781491715854347
820479400214659102
469491760117055509
171190199278108672
289110066001477632
914153514232606750
199666247980285954
287500035715760128
582406229108981770
893823980451004446
820398796416221205
832948558998011984
803776532312883220
474234283897257984
249641415016054784
408372813079117825
690004221571104886
659255864854577153
879546359970160651
517204221033185282
408668328194867200
415651682257469442
905439039996428290
735996888452694037
903663856663011358
861215551799951370
888636929682321408
255316438724640768
897559694191779901
893302699506933760
882967081530847252
284854888179957761
249400570530627595
910102070793732106
894444408177565766
918729696026427423
906054233562951690
397738655315132416
120349321957867520
265331753093169163
580972600520474624
332971241851846666
311990441316712448
357918975331532821
893761994388295701
509300684768935938
896429926692040725
386532603077066755
144820366072741888
562513527399776276
894528330722869258
510009746716229642
578098715110277130
732057168307814410
888638390076059668
581488375782047745
252683936549830657
155787291711766530
893504146991374407
899142656792346664
896471494253740072
191180215412588554
849847162069581895
905079162073657365
485917472453689366
743471854345388093
615229048771313670
559495698702139412
161700449034960896
733352509887742134
610490545495605251
254042052197613568
836367732344881182
463326792330248192
896472005799448626
896495752442941502
895260579554545734
327117376283738114
317934184230551552
890581913939623937
694371673272483862
504303772059697163
707057309477765152
201606234510458880
356105722368622602
227089373638819840
345047945478930433
886474682876956672
696972347453734912
256247698037014528
818714221805174825
411238804372848641
486745147883913216
461533078334996491
900485563461824512
696531899937587221
403937663415222274
715131512525422669
281454241162199051
797387604265533450
374899892742520832
716147873867104328
894447447802265612
647970158115028992
864088137050226698
761564646507282453
346264285749444608
896784235166330940
876876964588310638
290550439127154688
585385918618271775
859746785681080330
211672171301437443
888768721676550205
897891985908711444
897566041457176598
919323945008775189
264550158509801482
637150892470173742
263864267269341185
315497045526052865
480830324729970720
817072221079339100
294882584201003009
922569739266576395
508391840525975553